latitude,longitude,prix
48.843487,2.354783,3500
48.762146,2.316364,8700
48.846278,2.287493,3500
48.837981,2.293138,3200
48.820109,2.289693,3500
48.824104,2.323652,2000
48.856298,2.335521,1800
48.882608,2.315169,2700
48.805221,2.26659,2600
48.846919,2.302567,2000
48.845598,2.285581,8300
48.762146,2.316364,4000
48.84728,2.286472,2000
48.837981,2.293138,2400
48.86803,2.297355,6300
48.848437,2.346777,2700
48.893532,2.317772,2400
48.816951,2.259606,8000
48.882608,2.315169,3500
48.856801,2.32433,2900
48.901828,2.318109,8000
48.798121,2.349768,7500
48.869538,2.388469,4000
48.881981,2.338419,5900
48.882608,2.315169,2700
48.820109,2.289693,8300
48.836067,2.320377,3200
48.882608,2.315169,2700
48.856039,2.305889,2000
48.882837,2.289472,4000
48.867531,2.307914,2400
48.811623,2.373221,17800
48.880196,2.383453,9900
48.798121,2.349768,6700
48.845598,2.285581,9100
48.839747,2.316738,2700
48.856244,2.368126,3200
48.829303,2.243792,10300
48.882608,2.315169,2700
48.839747,2.316738,7100
48.829339,2.235351,2000
48.839448,2.305037,4000
48.807036,2.281633,2700
48.853432,2.327832,2400
48.882608,2.315169,3500
48.804919,2.39598,8700
48.86502,2.377067,4000
48.846865,2.288033,2400
48.873768,2.30418,7100
48.882608,2.315169,2700
48.876955,2.383605,3390
48.261854,2.691792,3990
48.845598,2.285581,10390
48.884753,2.340113,3990
48.843493,2.285716,3990
48.882608,2.315169,3390
48.834422,2.285855,7623
48.860419,2.310671,11390
48.825903,2.240686,10990
48.835547,2.286479,2990
48.845598,2.285581,4390
48.882608,2.315169,3390
48.788456,2.368684,2000
48.849284,2.301575,2000
48.882608,2.315169,2700
48.768387,2.252911,7200
48.847699,2.288697,2400
48.835572,2.286741,2400
48.823314,2.254374,2400
48.836539,2.297484,2700
48.834219,2.301459,7900
48.845598,2.285581,7100
48.820641,2.2535,7900
48.882608,2.315169,2700
48.816951,2.259606,2700
48.839747,2.316738,6300
48.821246,2.294845,10800
48.882608,2.315169,2700
48.882608,2.315169,2700
48.852302,2.324039,2000
48.890193,2.305272,5100
48.846865,2.288033,2400
48.824377,2.242168,2000
48.749791,2.302639,21500
48.80048,2.479368,17200
48.846865,2.288033,6100
48.84728,2.286472,2000
48.846561,2.261624,17900
48.839377,2.418562,9500
48.867931,2.32518,3200
48.848948,2.339392,16700
48.882608,2.315169,2700
48.873768,2.30418,7100
48.824906,2.298072,5600
48.830082,2.280674,2700
48.849302,2.301662,2000
48.846919,2.302567,2000
48.824906,2.298072,7900
48.82869,2.26606,2400
48.825791,2.226975,2700
48.798121,2.349768,6300
48.882608,2.315169,2700
48.882608,2.315169,2700
48.782648,2.257427,3200
48.85396,2.272111,2400
48.837079,2.365043,8700
48.839747,2.316738,2700
48.775919,2.323736,4800
48.882608,2.315169,2700
48.887283,2.547924,3500
48.845598,2.285581,8700
48.882608,2.315169,2700
48.816951,2.259606,7900
48.852302,2.324039,2000
48.814029,2.359645,2000
48.846919,2.302567,2000
48.757968,2.303879,4800
48.882608,2.315169,2700
48.830082,2.280674,3200
48.77423,2.322428,8600
48.815017,2.312833,3500
48.849302,2.301662,2000
48.85334,2.317456,7900
48.846561,2.261624,4800
48.835547,2.286479,2700
48.882608,2.315169,2700
48.798121,2.349768,7100
48.846561,2.261624,12900
48.825485,2.311745,13900
48.836539,2.297484,2700
48.882608,2.315169,2700
48.849839,2.29952,3200
48.828886,2.336684,7600
48.87777,2.39504,12300
48.829062,2.309927,2700
48.854265,2.291245,6000
48.822032,2.19742,2700
48.828454,2.324556,9200
48.839405,2.283031,9300
48.839787,2.26595,4800
48.843517,2.29454,2700
48.846919,2.302567,2200
48.805297,2.361235,4800
48.882608,2.315169,2700
48.882608,2.315169,2700
48.882608,2.315169,2700
48.882608,2.315169,2700
48.845598,2.285581,8400
48.84914,2.296817,2200
48.853011,2.323991,6800
48.828513,2.245021,4800
48.797312,2.280406,3200
48.901332,2.303434,7600
48.644979,2.289884,7600
48.784293,2.355445,7600
48.873768,2.30418,6000
48.839747,2.316738,3500
48.842024,2.205105,7600
48.835489,2.253187,11200
48.835976,2.31857,2200
48.848437,2.346777,2700
48.854265,2.291245,6000
48.843352,2.30602,2200
48.821155,2.217563,6800
48.868412,2.227197,11300
48.811324,2.242312,5200
48.882608,2.315169,2700
48.828094,2.242274,4300
48.873768,2.30418,6000
48.803844,2.183728,5200
48.843352,2.30602,2200
48.843625,2.270072,2200
48.866898,2.217681,17200
48.850556,2.276296,6200
48.837588,2.409066,7600
48.798121,2.349768,5200
48.845598,2.285581,6800
48.882608,2.315169,2700
48.842024,2.205105,5000
48.832987,2.228892,18000
48.812078,2.192721,3200
48.825432,2.241471,8400
48.807313,2.389886,13400
48.839747,2.316738,6000
48.797525,2.284146,4800
48.838218,2.357307,4800
48.839248,2.309485,4000
48.797525,2.284146,4800
48.826222,2.238069,2200
48.882608,2.315169,2700
48.811324,2.242312,5200
48.831306,2.31867,4800
48.816951,2.259606,8600
48.848599,2.347718,10800
48.846396,2.432813,6800
48.882608,2.315169,3000
48.798121,2.349768,6800
48.836539,2.297484,2700
48.846919,2.302567,2200
48.825791,2.359667,6000
48.840409,2.414273,4800
48.77423,2.322428,7500
48.811324,2.242312,5200
48.882608,2.315169,3000
48.821155,2.217563,6000
48.838537,2.280951,3500
48.882608,2.315169,3000
48.839747,2.316738,3000
48.830669,2.323081,2700
48.832592,2.245519,2700
48.831111,2.302407,2200
48.873768,2.30418,6000
48.867931,2.32518,4000
48.838537,2.280951,3500
48.828745,2.265398,7600
48.830302,2.284287,3200
48.837882,2.25912,2200
48.830302,2.284287,3200
48.797525,2.284146,6000
48.854265,2.291245,5200
48.854975,2.270689,2700
48.830302,2.284287,2700
48.882608,2.315169,3000
48.771405,2.366394,5300
48.845598,2.285581,3500
48.798121,2.349768,6800
48.826222,2.238069,2200
48.846919,2.302567,2200
48.825791,2.359667,5200
48.839747,2.316738,3000
48.828454,2.324556,10000
48.838537,2.280951,3000
48.850405,2.207225,8400
48.882608,2.315169,3500
48.882608,2.315169,3000
48.85021,2.337125,3000
48.839312,2.266441,2700
48.782773,2.291265,2800
48.816951,2.259606,3900
48.852642,2.195093,13400
48.84079,2.334559,7300
48.837588,2.409066,7300
48.812224,2.239527,8100
48.839312,2.266441,3200
48.827308,2.332529,2700
48.856244,2.368126,3200
48.852766,2.275881,2700
48.845598,2.285581,5700
48.88814,2.28215,7300
48.863858,2.359764,5300
48.882608,2.315169,3000
48.86803,2.297355,6500
48.827051,2.235635,2000
48.839312,2.266441,2700
48.838537,2.280951,3000
48.854265,2.291245,5700
48.81706,2.261534,4000
48.839312,2.266441,2700
48.835785,2.327023,2700
48.798121,2.349768,5700
48.878323,2.399494,8300
48.839747,2.316738,5700
48.884589,2.280793,4800
48.884589,2.280793,5300
48.882608,2.315169,3000
48.838537,2.280951,3500
48.840629,2.28046,5700
48.836033,2.326224,3000
48.845598,2.285581,3500
48.838537,2.280951,7300
48.847092,2.310486,3000
48.882608,2.315169,3000
48.835025,2.29705,4900
48.846549,2.3821,5300
48.829485,2.279463,13400
48.838017,2.287934,3200
48.837882,2.25912,4000
48.807815,2.182694,4300
48.828524,2.32067,3200
48.882608,2.315169,3000
48.847092,2.310486,3000
48.839192,2.239692,3500
48.785095,2.341412,8300
48.843572,2.278014,7300
48.835976,2.31857,2200
48.816951,2.259606,8300
48.82286,2.269472,3500
48.817778,2.304176,3500
48.838537,2.280951,3000
48.84491,2.231322,4800
48.82286,2.269472,3000
48.846278,2.287493,3500
48.845598,2.285581,7300
48.825711,2.294658,6500
48.853374,2.279488,3200
48.838294,2.331877,4300
48.846919,2.302567,2200
48.786357,2.261718,6200
48.825791,2.359667,5700
48.822036,2.34662,7300
48.882608,2.315169,3000
48.839312,2.266441,3200
48.847092,2.310486,3000
48.783413,2.267484,4600
48.799793,2.317109,5000
48.882608,2.315169,3000
48.837588,2.409066,4700
48.884589,2.280793,4800
48.879083,2.447202,24800
48.775746,2.272346,6900
48.838537,2.280951,7300
48.828199,2.31676,4000
48.884589,2.280793,4800
48.823459,2.263075,2700
48.825586,2.327523,2900
48.823213,2.291597,4800
48.852766,2.275881,3200
48.832835,2.315882,8100
48.851394,2.328993,7600
48.82885,2.295302,4700
48.832055,2.306109,5900
48.816514,2.226916,12200
48.835884,2.351501,2700
48.834683,2.245754,7300
48.882608,2.315169,3000
48.809259,2.281046,3200
48.842681,2.276459,6500
48.845598,2.285581,8100
48.838537,2.280951,3000
48.81456,2.355124,3200
48.836539,2.297484,2700
48.809259,2.281046,3200
48.839312,2.266441,3200
48.882608,2.315169,3000
48.802996,2.343973,4000
48.847092,2.310486,3000
48.854632,2.28939,2000
48.821975,2.25464,7300
48.839747,2.316738,3500
48.873768,2.30418,6500
48.845283,2.195305,9700
48.828695,2.353578,2900
48.897797,2.295859,8900
48.850466,2.234753,3500
48.838537,2.280951,3000
48.838537,2.280951,3000
48.821879,2.264054,3900
48.817778,2.304176,3200
48.871663,2.42436,14600
48.846919,2.302567,2200
48.838294,2.331877,3000
48.835976,2.31857,2200
48.825791,2.359667,5700
48.838537,2.280951,3000
48.834979,2.318296,4900
48.90711,2.267385,6900
48.845598,2.285581,3500
48.838537,2.280951,3500
48.847092,2.310486,3000
48.821754,2.364458,8100
48.821754,2.364458,8100
48.821754,2.364458,8100
48.811411,2.316015,7300
48.854265,2.291245,5700
48.822009,2.332717,2700
48.823949,2.26187,6100
48.828454,2.324556,10100
48.829971,2.325738,4800
48.843075,2.315532,7300
48.823695,2.306306,3200
48.816951,2.259606,3900
48.850466,2.234753,5700
48.841292,2.284995,2700
48.839747,2.316738,6500
48.838454,2.306391,3200
48.835785,2.327023,2700
48.832921,2.303382,8100
48.853914,2.280233,10500
48.853914,2.280233,11300
48.837588,2.409066,4200
48.843075,2.315532,15600
48.842681,2.276459,3500
48.847092,2.310486,3000
48.850466,2.234753,3000
48.838537,2.280951,3000
48.873768,2.30418,7300
48.852971,2.331082,3200
48.889348,2.244285,8100
48.840629,2.28046,5700
48.856244,2.368126,3200
48.798623,2.313375,7300
48.834563,2.313402,3500
48.829045,2.302124,2700
48.772165,2.255075,7700
48.756942,2.283904,15500
48.829638,2.326387,3500
48.825586,2.327523,2900
48.790802,2.264141,4800
48.819928,2.284129,7700
48.812458,2.286378,6900
48.838537,2.280951,3000
48.823459,2.263075,2700
48.845598,2.285581,3500
48.853471,2.295095,11400
48.871663,2.42436,6500
48.825791,2.359667,5700
48.771405,2.366394,22700
48.780278,2.374503,10500
48.846004,2.332032,4700
48.839747,2.316738,3000
48.835976,2.31857,2200
48.832921,2.303382,7300
48.832921,2.303382,6500
48.839556,2.340361,12600
48.847092,2.310486,3000
48.838537,2.280951,3500
48.81525,2.28221,3500
48.832343,2.365285,8900
48.791588,2.295238,3200
48.838537,2.280951,3000
48.786247,2.244883,6900
48.838859,2.285438,3200
48.839358,2.266444,3200
48.824553,2.277921,13800
48.840803,2.214555,6200
48.873768,2.30418,6500
48.903751,2.270331,8300
48.802996,2.343973,8900
48.898836,2.233956,4700
48.833064,2.242426,3200
48.807091,2.285037,6900
48.82052,2.203279,6000
48.798623,2.313375,7300
48.780278,2.374503,2700
48.834979,2.318296,4900
48.785095,2.341412,4800
48.8191,2.199133,6400
48.779786,2.260964,7000
48.838537,2.280951,3000
48.83903,2.29209,2700
48.84301,2.282561,3200
48.838537,2.280951,6500
48.871663,2.42436,3500
48.864545,2.354643,5300
48.847092,2.310486,3000
48.829119,2.3741,4700
48.873768,2.30418,10500
48.828271,2.23756,3200
48.826491,2.313452,14600
48.786357,2.261718,6200
48.842343,2.300073,3000
48.871663,2.42436,5700
48.859437,2.383034,16900
48.853158,2.405754,4700
48.901528,2.362557,7600
48.851849,2.326985,4700
48.838537,2.280951,3000
48.820989,2.255732,5700
48.84799,2.29748,3200
48.878012,2.286231,7700
48.825791,2.359667,5700
48.820989,2.255732,6500
48.843347,2.410373,5300
48.845598,2.285581,5700
48.832962,2.296725,5300
48.838537,2.280951,3000
48.811841,2.207517,6500
48.78353,2.276782,9700
48.809669,2.238173,3500
48.816951,2.259606,4000
48.839747,2.316738,3500
48.825791,2.359667,5700
48.832921,2.303382,6500
48.837282,2.279179,4700
48.846278,2.287493,6500
48.82242,2.218966,7300
48.81214,2.359734,4200
48.854265,2.291245,5700
48.839312,2.266441,2700
48.852569,2.264392,13300
48.801784,2.382541,4700
48.847092,2.310486,3500
48.865453,2.298034,17200
48.83767,2.292738,8100
48.835976,2.31857,2200
48.825586,2.327523,2900
48.838537,2.280951,3000
48.816332,2.255418,18000
48.834979,2.318296,5700
48.837612,2.251,7300
48.847068,2.259493,8100
48.84059,2.231955,15600
48.896263,2.276742,4700
48.840505,2.296844,3200
48.820989,2.255732,6500
48.791013,2.255347,4700
48.834328,2.295407,3500
48.791809,2.332607,4700
48.835881,2.291681,7600
48.834563,2.313402,3500
48.839747,2.316738,7300
48.797525,2.284146,4700
48.838537,2.280951,3000
48.872338,2.441131,4700
48.823459,2.263075,2700
48.867396,2.352026,5300
48.829045,2.302124,2700
48.806077,2.371915,3900
48.832798,2.235107,4900
48.845598,2.285581,6500
48.818502,2.24847,2700
48.823924,2.29328,2700
48.781422,2.316349,4200
48.887175,2.257147,7700
48.856721,2.269536,6200
48.802996,2.343973,3900
48.853466,2.388002,4700
48.879771,2.255399,4700
48.874046,2.232011,4700
48.871663,2.42436,6500
48.824647,2.210338,3900
48.832921,2.303382,6500
48.81525,2.28221,3200
48.846278,2.287493,5700
48.838537,2.280951,3000
48.823064,2.28139,5700
48.838537,2.280951,3500
48.836957,2.252359,9800
48.816951,2.259606,4000
48.856244,2.368126,2700
48.843075,2.315532,15600
48.836539,2.297484,2700
48.852268,2.293326,6900
48.848599,2.347718,10800
48.830207,2.329604,3200
48.820989,2.255732,7300
48.829672,2.246075,3200
48.847838,2.300206,3200
48.895148,2.239049,17200
48.873768,2.30418,6500
48.821754,2.364458,7300
48.821754,2.364458,7300
48.833745,2.255999,4700
48.805183,2.271374,4700
48.883382,2.385262,7600
48.834444,2.288352,5700
48.844622,2.395369,6500
48.892563,2.291196,8100
48.839272,2.263044,3200
48.838537,2.280951,3000
48.846278,2.287493,5700
48.820989,2.255732,5700
48.897753,2.252105,7200
48.828226,2.324444,7300
48.81649,2.320358,5300
48.843075,2.315532,5700
48.839601,2.312536,4800
48.847691,2.351262,2900
48.843832,2.432327,4700
48.856721,2.269536,8300
48.826052,2.372953,8100
48.845736,2.285032,8100
48.84597,2.210024,4200
48.840651,2.23108,2700
48.871663,2.42436,6500
48.82019,2.279174,3800
48.838537,2.280951,3000
48.825791,2.359667,5700
48.829921,2.333441,3200
48.811819,2.315356,4700
48.839747,2.316738,3500
48.837763,2.311337,4700
48.834563,2.313402,3500
48.82242,2.218966,7300
48.838537,2.280951,3000
48.865489,2.277679,3200
48.820989,2.255732,6500
48.829045,2.302124,2700
48.825728,2.351781,3900
48.834444,2.288352,5700
48.838537,2.280951,3500
48.884525,2.28882,4700
48.873768,2.30418,7300
48.852215,2.297024,2700
48.861553,2.319858,4800
48.816951,2.259606,4000
48.845347,2.40378,3200
48.895472,2.353244,6200
48.848465,2.299086,4700
48.836733,2.323582,3500
48.81525,2.28221,3200
48.780278,2.374503,2700
48.846278,2.287493,5700
48.823459,2.263075,2700
48.886817,2.344496,8400
48.840375,2.257697,2700
48.828454,2.324556,8900
48.839448,2.315781,4700
48.826512,2.239881,4900
48.857681,2.299163,6200
48.871663,2.42436,5400
48.871663,2.42436,3000
48.762146,2.316364,4700
48.883626,2.334054,11200
48.838537,2.280951,3000
48.839747,2.316738,3000
48.878874,2.274032,4200
48.842773,2.199306,4700
48.835624,2.317299,3500
48.85021,2.337125,3000
48.836539,2.297484,2700
48.823924,2.29328,3200
48.802996,2.343973,4700
48.89558,2.28209,8900
48.873976,2.332969,6900
48.838537,2.280951,3000
48.844622,2.395369,6500
48.858691,2.282732,3200
48.833333,2.240492,2700
48.829921,2.333441,3900
48.832921,2.303382,8100
48.820989,2.255732,6500
48.820989,2.255732,6500
48.867931,2.32518,3200
48.89558,2.28209,3900
48.786357,2.261718,4200
48.816359,2.333633,2700
48.838537,2.280951,7300
48.838537,2.280951,3000
48.862624,2.348708,3200
48.869841,2.279341,4200
48.825791,2.359667,5700
48.758546,2.322359,4700
48.834444,2.288352,6500
48.846278,2.287493,4900
48.863666,2.348847,4700
48.845598,2.285581,8900
48.831059,2.315074,7300
48.837548,2.35171,3900
48.848483,2.262557,9100
48.848483,2.262557,9100
48.842828,2.294752,15600
48.830847,2.249627,2700
48.798322,2.293473,4900
48.825586,2.327523,2900
48.857855,2.279716,4700
48.838537,2.280951,3000
48.832088,2.2441,3200
48.783413,2.267484,3000
48.918703,2.317042,7300
48.841807,2.393632,20600
48.829881,2.251337,3200
48.863666,2.348847,4700
48.838537,2.280951,3000
48.816359,2.333633,3900
48.873768,2.30418,6500
48.871663,2.42436,5700
48.789861,2.286186,8900
48.812491,2.281555,7300
48.878874,2.274032,3200
48.88814,2.28215,2700
48.850466,2.234753,3500
48.844925,2.266784,3000
48.826052,2.372953,4800
48.834693,2.290896,7300
48.834444,2.288352,5700
48.834563,2.313402,3500
48.838537,2.280951,3000
48.801844,2.407146,8100
48.844622,2.395369,6500
48.774835,2.254654,4200
48.830571,2.371136,4200
48.841254,2.303898,2000
48.797077,2.34032,6500
48.89558,2.28209,11600
48.839776,2.290473,2700
48.841292,2.284995,2700
48.846278,2.287493,7300
48.799694,2.38687,7300
48.838537,2.280951,3000
48.828741,2.321993,2700
48.825791,2.359667,5700
48.863666,2.348847,5300
48.753604,2.311609,14000
48.842427,2.331433,3200
48.842427,2.331433,7300
48.816951,2.259606,4000
48.822881,2.288736,3900
48.839747,2.316738,8100
48.883886,2.260432,12600
48.840654,2.288502,2700
48.829045,2.302124,2700
48.836503,2.299493,3200
48.838628,2.312069,3500
48.8442,2.26573,2700
48.777102,2.261443,8900
48.836988,2.305912,3900
48.822263,2.262617,3200
48.840979,2.327798,3200
48.852215,2.297024,2700
48.845028,2.262202,3200
48.820989,2.255732,6500
48.846366,2.27089,3200
48.807499,2.40446,3900
48.856175,2.210847,3900
48.910845,2.286806,5300
48.832921,2.303382,6500
48.84802,2.347344,3500
48.845028,2.262202,3200
48.845028,2.262202,3900
48.855388,2.380262,9800
48.880008,2.273657,3200
48.873768,2.30418,7300
48.883072,2.341298,4700
48.852787,2.293329,5200
48.852852,2.335758,8100
48.842427,2.331433,3200
48.838537,2.280951,3500
48.871663,2.42436,6500
48.780278,2.374503,3200
48.845028,2.262202,3200
48.898836,2.233956,4700
48.846278,2.287493,8100
48.852298,2.295208,2700
48.854265,2.291245,5700
48.827615,2.272152,3500
48.84301,2.282561,3900
48.838537,2.280951,3000
48.845028,2.262202,3900
48.845028,2.262202,3900
48.814877,2.331042,3200
48.841292,2.284995,2700
48.845028,2.262202,3900
48.852821,2.326236,9000
48.890336,2.320295,15600
48.842427,2.331433,3000
48.816359,2.333633,2700
48.834444,2.288352,5700
48.837426,2.285978,8300
48.827701,2.3313,4700
48.826052,2.372953,9700
48.835411,2.29064,2700
48.878645,2.346619,5300
48.825791,2.359667,5700
48.863666,2.348847,5300
48.842427,2.331433,8100
48.836539,2.297484,2700
48.823924,2.29328,2700
48.820989,2.255732,6500
48.825728,2.351781,3200
48.838537,2.280951,3000
48.837588,2.409066,7300
